10,28
10,270
10,116
10,66
10,204
10,34
10,196
11,24
11,29
11,23
11,7
11,9
11,5
11,8
11,30
8,6
8,9
8,17
8,8
8,14
8,5
8,13
20,3
20,2
20,1
19,3
19,2
19,1
12,3
12,2
12,1
11,27
11,26
11,21
11,20
11,18
11,10
11,4
11,3
11,2
11,1
10,292
10,224
10,150
10,132
18,1
10,130
18,3
10,128
10,98
10,26
10,3
10,2
10,1
9,7
9,6
9,4
9,3
9,2
9,1
8,16
8,15
8,12
8,10
8,4
8,3
8,2
8,1
3,3
3,2
3,1
2,3
2,2
2,1
0,0
2253,1
2253,3
13,1
13,3
14,1
14,3
0,9
2261,34
2261,33
2261,32
2261,31
2261,30
2261,29
2261,28
2261,27
2261,26
2261,25
2261,24
2261,23
2261,22
2261,21
2261,20
2261,19
2261,18
2261,17
2261,16
2261,15
2261,14
2261,13
